18.0191666667
18.0194444444
18.0238888889
18.0327777778
18.0330555556
18.0475
18.0597222222
18.0605555556
18.0622222222
18.0655555556
18.0747222222
18.075
18.0755555556
18.0758333333
18.0761111111
18.0769444444
18.0775
18.0777777778
18.0783333333
18.0786111111
18.0791666667
18.0794444444
18.08
18.0802777778
18.0808333333
18.0811111111
18.0816666667
18.0827777778
18.085
18.0858333333
18.0869444444
18.0877777778
18.1188888889
18.12
18.1208333333
18.1213888889
18.1213888889
18.1219444444
18.1225
18.1227777778
18.1233333333
18.1236111111
18.1241666667
18.1244444444
18.125
18.1255555556
18.1258333333
18.1263888889
18.1266666667
18.1272222222
18.1275
18.1277777778
18.1280555556
18.1283333333
18.1286111111
18.1291666667
18.1294444444
18.13
18.1302777778
18.1308333333
18.1311111111
18.1316666667
18.1583333333
18.1588888889
18.2011111111
18.2016666667
18.2027777778
18.2033333333
18.2044444444
18.205
18.2052777778
18.2058333333
18.2077777778
18.2086111111
18.2205555556
18.2211111111
18.2247222222
18.2261111111
18.2313888889
18.2319444444
18.2797222222
18.2802777778
18.2994444444
18.2997222222
18.3216666667
18.3219444444
18.36
18.3602777778
18.3813888889
18.3822222222
18.3966666667
18.3969444444
18.4047222222
18.4066666667
18.4125
18.4127777778
18.4613888889
18.4666666667
18.5705555556
18.5733333333
18.5925
18.5927777778
18.5961111111
18.615
18.6155555556
18.6591666667
18.6666666667
18.6680555556
18.6688888889
18.6697222222
18.6847222222
18.685
18.7183333333
18.7194444444
18.72
18.7283333333
18.7308333333
18.7333333333
18.7338888889
18.7347222222
18.7463888889
18.7469444444
18.7513888889
18.7516666667
18.7538888889
18.7544444444
18.7575
18.7594444444
18.7652777778
18.7661111111
18.7697222222
18.7702777778
18.7733333333
18.7736111111
18.8041666667
18.8044444444
18.8075
18.8086111111
18.8116666667
18.8122222222
18.8125
18.8130555556
18.8133333333
18.8138888889
18.8144444444
18.8147222222
18.8158333333
18.8161111111
18.8166666667
18.8169444444
18.8180555556
18.8183333333
18.8191666667
18.8197222222
18.8202777778
18.8205555556
18.8211111111
18.8216666667
18.8219444444
18.8225
18.8227777778
18.8233333333
18.8247222222
18.825
18.8255555556
18.8263888889
18.8269444444
18.8283333333
18.8291666667
18.8313888889
18.8327777778
18.8333333333
18.8336111111
18.8341666667
18.8344444444
18.835
18.8355555556
18.8358333333
18.8363888889
18.8422222222
18.8425
18.8430555556
18.8436111111
18.8438888889
18.8444444444
18.8452777778
18.8458333333
18.8475
18.8480555556
18.8561111111
18.8569444444
18.8575
18.8580555556
18.8611111111
18.8613888889
18.8619444444
18.8625
18.8627777778
18.8733333333
18.8736111111
18.8761111111
18.8766666667
18.8783333333
18.8788888889
18.8808333333
18.8811111111
18.8816666667
18.8822222222
18.8888888889
18.8894444444
18.8897222222
18.8902777778
18.8916666667
18.8919444444
18.8941666667
18.8952777778
18.9005555556
18.9011111111
18.9013888889
18.9019444444
18.9047222222
18.9055555556
18.9069444444
18.9072222222
18.9086111111
18.9091666667
18.9122222222
18.9136111111
18.9141666667
18.9144444444
18.9158333333
18.9166666667
18.9177777778
18.9180555556
18.9194444444
18.9202777778
18.9222222222
18.9227777778
18.9266666667
18.9277777778
18.9302777778
18.9308333333
18.9311111111
18.9322222222
18.9358333333
18.9361111111
18.9380555556
18.9383333333
18.9397222222
18.9402777778
18.9405555556
18.9425
18.9441666667
18.9447222222
18.9463888889
18.9469444444
18.9483333333
18.9486111111
18.9505555556
18.9508333333
18.9527777778
18.9533333333
18.955
18.9555555556
18.9572222222
18.9577777778
18.9594444444
18.96
18.9644444444
18.965
18.9686111111
18.9688888889
18.9694444444
18.97
18.9766666667
18.9772222222
18.9833333333
18.9838888889
18.9911111111
18.9919444444
18.9925
18.9930555556
18.9983333333
18.9988888889
18.9997222222
19.0002777778
19.0033333333
19.0038888889
19.0105555556
19.0111111111
19.0113888889
19.0119444444
19.0133333333
19.0138888889
19.0186111111
19.0188888889
19.0238888889
19.0402777778
19.0411111111
19.0430555556
19.0461111111
19.0472222222
19.0483333333
19.0486111111
19.0525
19.0530555556
19.0536111111
19.0538888889
19.0572222222
19.0580555556
19.0602777778
19.0608333333
19.0616666667
19.0622222222
19.0636111111
19.0655555556
19.0669444444
19.0675
19.0758333333
19.0763888889
19.0838888889
19.0844444444
19.085
19.0852777778
19.0863888889
19.0877777778
19.0886111111
19.09
19.0930555556
19.0955555556
19.0963888889
19.0975
19.1011111111
19.1016666667
19.1022222222
19.1030555556
19.1072222222
19.1080555556
19.1097222222
19.11
19.1116666667
19.1122222222
19.1125
19.1130555556
19.1138888889
19.1141666667
19.1169444444
19.1175
19.1183333333
19.2341666667
19.2372222222
19.2377777778
19.2386111111
19.2391666667
19.2405555556
19.2408333333
19.2697222222
19.2708333333
19.6938888889
19.7269444444
19.7283333333
19.8333333333
21.5530555556
21.5580555556
21.5583333333
21.5588888889
7.06972222222
7.84416666667
7.845
7.84583333333
7.84666666667
7.85138888889
7.85222222222
7.85416666667
7.85444444444
7.85583333333
7.85888888889
7.85944444444
7.86
7.86027777778
7.86083333333
7.86138888889
7.86166666667
7.86277777778
7.86361111111
7.86444444444
7.865
7.86666666667
7.86722222222
7.86888888889
7.87166666667
7.87583333333
7.87611111111
7.87638888889
7.87722222222
7.87861111111
7.88027777778
7.88166666667
7.88222222222
7.88305555556
7.88472222222
7.88861111111
7.88944444444
7.89222222222
7.89527777778
7.89638888889
7.89666666667
7.8975
7.89888888889
7.9
7.90166666667
7.90222222222
7.905
7.90805555556
7.91027777778
7.91138888889
7.91277777778
7.92083333333
7.92138888889
7.92666666667
7.92722222222
7.92916666667
7.92944444444
7.93277777778
7.93777777778
7.93916666667
7.94138888889
7.95
7.95027777778
7.95166666667
7.95722222222
7.95861111111
7.95888888889
7.95944444444
7.96
7.9625
7.96305555556
7.96361111111
7.97
7.97138888889
7.97277777778
7.97583333333
7.97722222222
7.9825
7.98305555556
7.98944444444
7.99027777778
7.99111111111
7.99305555556
7.99638888889
7.9975
8.00222222222
8.00305555556
8.00527777778
8.00722222222
8.00861111111
8.01638888889
8.01722222222
8.02166666667
8.02222222222
8.02305555556
8.02361111111
8.02388888889
8.02444444444
8.02583333333
8.02777777778
8.02805555556
8.03083333333
8.03388888889
8.03527777778
8.03583333333
8.03611111111
8.03694444444
8.0375
8.03805555556
8.03833333333
8.03916666667
8.04027777778
8.05555555556
8.27944444444
8.28
8.28027777778
8.28083333333
8.28166666667
8.2825
8.28527777778
8.28583333333
8.28722222222
8.28944444444
8.29027777778
8.29305555556
8.29472222222
8.29611111111
8.29666666667
8.29722222222
8.29833333333
8.29916666667
8.29944444444
8.3
8.30055555556
8.30111111111
8.30138888889
8.3025
8.30416666667
8.305
8.30527777778
8.30611111111
8.30722222222
8.3075
8.30833333333
8.30861111111
8.32805555556
8.33083333333
8.33611111111
8.33638888889
8.34694444444
8.38888888889
8.39
8.42555555556
8.42666666667
8.43694444444
8.46805555556
8.46944444444
8.51416666667
8.51527777778
8.5325
8.53305555556
8.54055555556
8.54083333333
8.54861111111
8.54888888889
8.56694444444
8.5675
8.59777777778
8.59805555556
8.62277777778
8.62305555556
8.62361111111
8.62416666667
8.62444444444
8.62527777778
8.62638888889
8.62722222222
8.62861111111
8.62944444444
8.63
8.63333333333
8.63388888889
8.63527777778
8.63861111111
8.63916666667
8.64055555556
8.6425
8.64361111111
8.64416666667
8.64527777778
8.64555555556
8.64638888889
8.64722222222
8.64805555556
8.64861111111
8.64944444444
8.66888888889
8.66944444444
8.73222222222
8.7325
8.7475
8.74777777778
8.74833333333
8.74861111111
8.74916666667
8.74972222222
8.75
8.75055555556
8.78527777778
8.79027777778
8.80083333333
8.83027777778
9.02555555556
9.03
9.05111111111
9.07388888889
9.17916666667
9.22111111111
9.22166666667
9.22222222222
9.22277777778
9.22277777778
9.22333333333
9.22388888889
9.22444444444
9.225
9.22527777778
9.22583333333
9.22638888889
9.22666666667
9.22722222222
9.22833333333
9.23111111111
9.23222222222
9.63111111111
9.63305555556
9.63361111111
9.63472222222
9.63527777778
9.63638888889
9.63694444444
9.63722222222
9.63861111111
9.63888888889
9.64138888889
9.64194444444
9.64222222222
9.64277777778
9.64444444444
9.64472222222
9.64527777778
9.65694444444
9.66055555556
9.67388888889
9.67972222222
9.68055555556
9.68805555556
9.68972222222
9.71055555556
9.71083333333
9.7125
9.71305555556
9.71333333333
9.71388888889
9.71416666667
9.71472222222
9.715
9.71555555556
9.71583333333
9.71666666667
9.71722222222
9.7175
9.71805555556
9.71833333333
9.71888888889
9.72
9.72083333333
9.72166666667
9.72222222222
9.7225
9.72305555556
9.72333333333
9.72388888889
9.72416666667
9.72472222222
9.725
9.72694444444
9.72805555556
9.73055555556
9.73194444444
9.73305555556
9.75583333333
9.75972222222
9.765
9.76527777778
9.76611111111
9.77666666667
9.77694444444
9.77777777778
9.77833333333
9.78
9.78027777778
9.78083333333
9.78111111111
9.78194444444
9.7825
9.78277777778
9.78416666667
9.78444444444
9.785
9.78527777778
9.78694444444
9.7875
9.78777777778
9.78833333333
9.78861111111
9.78944444444
9.79027777778
9.79083333333
9.79111111111
9.79166666667
9.79194444444
9.7925
9.79277777778
9.79333333333
9.79361111111
9.79444444444
9.79694444444
9.79722222222
9.7975
9.79805555556
9.80694444444
9.80833333333
9.80916666667
9.80972222222
9.81
9.81027777778
9.81083333333
9.81111111111
9.81194444444
9.815
9.81611111111
9.81666666667
9.81777777778
9.81861111111
9.82027777778
9.82055555556
9.82111111111
9.82138888889
9.82194444444
9.82277777778
9.82305555556
9.82361111111
9.82388888889
9.82472222222
9.82555555556
9.82611111111
9.82638888889
9.82777777778
9.82805555556
9.83027777778
9.83138888889
9.83222222222
9.83277777778
9.83305555556
9.83361111111
9.83388888889
9.83444444444
9.83472222222
9.83527777778
9.83555555556
9.8525
9.855
9.86388888889
9.86416666667
9.87694444444
9.8775
9.87777777778
9.87833333333
9.87861111111
9.88
9.88055555556
9.88111111111
9.88138888889
9.88194444444
9.88277777778
9.88472222222
9.88583333333
9.88611111111
9.88666666667
9.88694444444
9.8875
9.88833333333
9.88944444444
9.89
9.89055555556
9.89138888889
9.8925
9.89472222222
9.89638888889
9.8975
9.89833333333
9.89888888889
9.89916666667
9.89944444444
9.9
9.90027777778
9.90083333333
9.90111111111
9.90166666667
9.90194444444
9.9025
9.90277777778
9.90333333333
9.90388888889
9.90416666667
9.90472222222
9.905
9.90555555556
9.90583333333
9.90638888889
9.90666666667
9.90722222222
9.9075
9.90805555556
9.90833333333
9.90888888889
9.90916666667
9.90944444444
9.91
9.91027777778
9.91083333333
9.91111111111
9.91166666667
9.91194444444
9.9125
9.91277777778
9.91333333333
9.91361111111
9.91416666667
10.0769444444
10.0866666667
10.0875
10.1030555556
10.1169444444
10.1175
10.1180555556
10.1186111111
10.1191666667
10.1202777778
10.1208333333
10.1211111111
10.1219444444
10.1225
10.1236111111
10.1244444444
10.1252777778
10.1261111111
10.1266666667
10.1275
10.1277777778
10.1280555556
10.1283333333
10.1286111111
10.1288888889
10.1294444444
10.1297222222
10.1311111111
10.1319444444
10.1322222222
10.1327777778
10.1333333333
10.1336111111
10.1347222222
10.1352777778
10.1355555556
10.1372222222
10.1383333333
10.1405555556
10.1425
10.1441666667
10.1447222222
10.1458333333
10.1463888889
10.1475
10.1480555556
10.1488888889
10.15
10.1519444444
10.1527777778
10.1538888889
10.1544444444
10.1547222222
10.155
10.1555555556
10.1558333333
10.1566666667
10.16
10.1608333333
10.1611111111
10.1677777778
10.1858333333
10.1861111111
10.2044444444
10.205
10.2111111111
10.2116666667
10.2119444444
10.2125
10.2127777778
10.2133333333
10.2136111111
10.2141666667
10.2144444444
10.215
10.2152777778
10.2161111111
10.2186111111
10.2202777778
10.2211111111
10.2611111111
10.2772222222
10.2794444444
10.2802777778
10.2841666667
10.3202777778
10.3325
10.4486111111
10.4508333333
10.4513888889
10.4519444444
10.4525
10.4533333333
10.465
10.4661111111
10.4736111111
10.4866666667
10.4880555556
10.5111111111
10.5116666667
10.5130555556
10.5138888889
10.5238888889
10.5247222222
10.5316666667
10.5322222222
10.5577777778
10.5586111111
10.5591666667
10.5738888889
10.5741666667
10.5891666667
10.5894444444
10.6694444444
10.6708333333
10.6713888889
10.6716666667
10.6722222222
10.6725
10.6730555556
10.6777777778
10.6783333333
10.6844444444
10.7644444444
10.7647222222
10.765
10.7655555556
10.7658333333
10.7663888889
10.7666666667
10.7672222222
10.7675
10.7680555556
10.7683333333
10.7688888889
10.7691666667
10.7697222222
10.7705555556
10.7713888889
10.7716666667
10.7722222222
10.7725
10.7730555556
10.7733333333
10.8097222222
10.8119444444
10.8122222222
10.8127777778
10.8130555556
10.8255555556
10.8641666667
10.9086111111
10.9202777778
10.9347222222
10.9633333333
10.9755555556
10.9777777778
10.9858333333
10.9916666667
10.9919444444
11.0169444444
11.0202777778
11.0261111111
11.0263888889
11.0355555556
11.0438888889
11.045
11.0544444444
11.0588888889
11.0594444444
11.075
11.0894444444
11.0908333333
11.1075
11.1091666667
11.1252777778
11.1255555556
11.1380555556
11.1388888889
11.1505555556
11.1547222222
11.1666666667
11.1777777778
11.2247222222
11.2266666667
11.2366666667
11.2369444444
11.2375
11.2383333333
11.2386111111
11.2391666667
11.24
11.2408333333
11.2419444444
11.2427777778
11.2436111111
11.245
11.2452777778
11.2461111111
11.2466666667
11.2497222222
11.2505555556
11.2513888889
11.2522222222
11.2527777778
11.2530555556
11.2538888889
11.2544444444
11.2552777778
11.2561111111
11.2563888889
11.2569444444
11.2572222222
11.2575
11.2580555556
11.2583333333
11.2588888889
11.2591666667
11.26
11.2613888889
11.2616666667
11.2625
11.2641666667
11.265
11.2658333333
11.2686111111
11.2694444444
11.2705555556
11.2711111111
11.2722222222
11.2727777778
11.2747222222
11.2755555556
11.2769444444
11.2780555556
11.2786111111
11.2802777778
11.2811111111
11.2813888889
11.2819444444
11.2830555556
11.29
11.2905555556
11.3161111111
11.3175
11.3277777778
11.3286111111
11.3330555556
11.335
11.3377777778
11.3386111111
11.3547222222
11.3552777778
11.3658333333
11.3677777778
11.3822222222
11.3861111111
11.3936111111
11.4038888889
11.4213888889
11.4277777778
11.4280555556
11.4286111111
11.4288888889
11.4413888889
11.4422222222
11.4763888889
11.4788888889
11.4961111111
11.4969444444
11.5225
11.5233333333
11.5386111111
11.5388888889
11.5927777778
11.5933333333
11.6152777778
11.6180555556
11.6188888889
11.6313888889
11.7827777778
11.7830555556
11.7958333333
11.8041666667
11.8244444444
11.8261111111
11.8288888889
11.8294444444
11.8361111111
11.8405555556
11.8438888889
11.8488888889
11.8586111111
11.8597222222
11.8622222222
11.8769444444
11.8775
11.8983333333
11.9072222222
11.9086111111
11.9097222222
11.9238888889
11.9266666667
11.9683333333
11.9741666667
11.9991666667
11.9997222222
12.0002777778
12.0008333333
12.0013888889
12.0022222222
12.0030555556
12.0038888889
12.005
12.0055555556
12.0069444444
12.0072222222
12.0077777778
12.0080555556
12.0086111111
12.0088888889
12.0105555556
12.0111111111
12.0113888889
12.0119444444
12.0127777778
12.0130555556
12.0138888889
12.0147222222
12.0152777778
12.0155555556
12.0158333333
12.0161111111
12.0163888889
12.0172222222
12.0175
12.0180555556
12.0183333333
12.0191666667
12.0197222222
12.0205555556
12.0213888889
12.0222222222
12.0225
12.0233333333
12.0238888889
12.0241666667
12.0247222222
12.0252777778
12.0258333333
12.0283333333
12.03
12.0308333333
12.0316666667
12.0366666667
12.0408333333
12.0427777778
12.0430555556
12.045
12.0455555556
12.0477777778
12.0486111111
12.0491666667
12.0497222222
12.0505555556
12.0527777778
12.0530555556
12.0536111111
12.0538888889
12.055
12.0555555556
12.0563888889
12.0569444444
12.0572222222
12.1019444444
12.105
12.1133333333
12.1141666667
12.1177777778
12.1188888889
12.1444444444
12.1447222222
12.2030555556
12.2044444444
12.2386111111
12.2391666667
12.2563888889
12.2566666667
12.2716666667
12.2719444444
12.4025
12.4030555556
12.4058333333
12.4116666667
12.4319444444
12.4627777778
12.4713888889
12.4716666667
12.5627777778
12.5633333333
12.5788888889
12.58
12.5958333333
12.5991666667
12.6322222222
12.6333333333
12.6822222222
12.6833333333
12.7238888889
12.7241666667
12.7375
12.7377777778
12.7808333333
12.7816666667
12.8222222222
12.8244444444
12.8375
12.8383333333
12.9113888889
12.9116666667
12.9227777778
12.9383333333
12.9488888889
12.9533333333
12.9766666667
12.9822222222
12.9866666667
13.0288888889
13.0291666667
13.0433333333
13.0444444444
13.1077777778
13.1088888889
13.12
13.1247222222
13.1252777778
13.1291666667
13.1352777778
13.1405555556
13.1413888889
13.18
13.1805555556
13.1827777778
13.1838888889
13.1858333333
13.1866666667
13.1877777778
13.1888888889
13.1894444444
13.1922222222
13.1961111111
13.1969444444
13.2033333333
13.2036111111
13.2280555556
13.2377777778
13.2391666667
13.2411111111
13.2869444444
13.2875
13.3038888889
13.3044444444
13.3216666667
13.3219444444
13.3672222222
13.3691666667
13.3697222222
13.3958333333
13.4138888889
13.4152777778
13.4180555556
13.4188888889
13.4302777778
13.4308333333
13.4322222222
13.4333333333
13.5147222222
13.5161111111
13.5275
13.5277777778
13.5416666667
13.5436111111
13.5555555556
13.5561111111
13.5869444444
13.5875
13.5975
13.6002777778
13.6011111111
13.6113888889
13.6311111111
13.6383333333
13.6394444444
13.6602777778
13.6788888889
13.7230555556
13.7297222222
13.7338888889
13.7475
13.7572222222
13.7586111111
13.7775
13.7777777778
13.7986111111
13.7988888889
13.7994444444
13.7997222222
13.8205555556
13.8211111111
13.8444444444
13.8538888889
13.8544444444
13.8858333333
13.9111111111
13.9186111111
13.9188888889
13.9194444444
13.9197222222
13.9202777778
13.9208333333
13.9211111111
13.9216666667
13.9230555556
13.925
13.9325
13.9483333333
13.9511111111
13.9516666667
13.9655555556
13.9661111111
13.9936111111
13.9938888889
14.0213888889
14.0216666667
14.0225
14.0230555556
14.0336111111
14.0336111111
14.0513888889
14.0516666667
14.0641666667
14.0641666667
14.0691666667
15.2669444444
15.5080555556
15.5102777778
15.5105555556
16.7941666667
16.7980555556
16.7986111111
17.6336111111
17.6855555556
17.6861111111
17.7044444444
17.7047222222
17.7072222222
17.7077777778
18.7755555556
18.7766666667
18.7769444444
18.7777777778
18.7783333333
18.7811111111
18.7813888889
18.7825
18.7827777778
18.7833333333
18.7836111111
18.7841666667
18.7847222222
18.7852777778
18.7861111111
18.7866666667
18.7877777778
18.7880555556
18.7894444444
18.7902777778
18.7911111111
18.7916666667
18.7919444444
18.7925
18.7930555556
18.7933333333
18.7938888889
18.7941666667
18.7947222222
18.7952777778
18.7955555556
18.7961111111
18.7963888889
18.7966666667
18.7969444444
18.7975
18.7977777778
18.7983333333
18.7988888889
18.7991666667
18.8005555556
18.8011111111
18.8019444444
18.8027777778
18.8033333333
18.8047222222
18.8058333333
18.8063888889
18.8075
18.8091666667
18.8097222222
18.81
18.8105555556
18.8111111111
18.8116666667
18.8122222222
18.8236111111
18.8238888889
18.8244444444
18.825
18.8255555556
18.8258333333
18.8269444444
18.8272222222
18.8277777778
18.8280555556
18.8286111111
18.835
18.8361111111
18.8380555556
18.8391666667
18.8519444444
18.8622222222
18.8658333333
18.8680555556
18.8686111111
18.8688888889
18.8694444444
18.8786111111
18.8788888889
18.8819444444
18.8822222222
18.8966666667
18.9036111111
18.9063888889
18.9205555556
18.9255555556
18.93
18.9308333333
18.9336111111
18.9341666667
18.935
18.9380555556
18.9386111111
18.9416666667
18.9422222222
18.9430555556
18.9436111111
18.9444444444
18.9452777778
18.9461111111
18.9475
18.9486111111
18.9491666667
18.9497222222
18.9511111111
18.9522222222
18.9525
18.9536111111
18.9547222222
18.9558333333
18.9561111111
18.9566666667
18.9588888889
18.9594444444
18.9619444444
18.9625
18.9630555556
18.9633333333
18.9641666667
18.9647222222
18.9733333333
18.9747222222
18.9888888889
18.9891666667
18.9911111111
18.9955555556
18.9980555556
19.0008333333
19.0011111111
19.0022222222
19.0025
19.0030555556
19.0033333333
19.0055555556
19.0058333333
19.0086111111
19.0088888889
19.0130555556
19.0136111111
19.0138888889
19.0169444444
19.0172222222
19.0177777778
19.0183333333
19.0186111111
19.0188888889
19.0280555556
19.0361111111
19.0372222222
19.0413888889
19.0419444444
19.0430555556
19.0938888889
19.1011111111
19.1013888889
19.1211111111
19.1216666667
19.135
19.1352777778
19.1541666667
19.1544444444
19.1627777778
19.1633333333
19.1677777778
19.1680555556
19.2033333333
19.2036111111
19.2097222222
19.2102777778
19.2147222222
19.2152777778
19.2233333333
19.2236111111
19.2336111111
19.2338888889
19.2463888889
19.2483333333
19.255
19.2563888889
19.265
19.2652777778
19.2936111111
19.2947222222
19.3022222222
19.3025
19.3047222222
19.3052777778
19.4075
19.4080555556
19.4097222222
19.4102777778
19.4155555556
19.4158333333
19.4166666667
19.4233333333
19.4247222222
19.4269444444
19.4272222222
19.445
19.4455555556
19.4616666667
19.4622222222
19.4652777778
19.4663888889
19.4675
19.4677777778
19.4747222222
19.475
19.4783333333
19.4786111111
19.4819444444
19.4825
19.4975
19.4980555556
19.5202777778
19.5202777778
19.5233333333
19.5244444444
19.5275
19.5275
19.5327777778
19.5338888889
19.5369444444
19.5369444444
19.5427777778
19.5433333333
19.55
19.5505555556
19.5644444444
19.5644444444
19.6005555556
19.6016666667
19.6058333333
19.6061111111
19.6077777778
19.6080555556
19.6130555556
19.6138888889
19.6427777778
19.6438888889
19.6858333333
19.6861111111
19.7302777778
19.7380555556
19.7452777778
19.7630555556
19.825
23.9858333333
23.9877777778
23.9886111111
23.9897222222
23.9902777778
23.9908333333
0.00583333333333
0.00611111111111
8.03611111111
8.80416666667
8.80472222222
8.80527777778
8.80555555556
8.80611111111
8.80638888889
8.80694444444
8.80722222222
8.80777777778
8.80805555556
9.07916666667
9.07944444444
9.08
9.08027777778
9.08083333333
9.08111111111
9.0825
9.08277777778
9.08333333333
9.08361111111
9.08444444444
9.08527777778
9.08583333333
9.08611111111
9.08666666667
9.08777777778
9.08944444444
9.09
9.09027777778
9.09083333333
9.09111111111
9.09166666667
9.0925
9.09333333333
9.09361111111
9.09444444444
9.09472222222
9.095
9.09583333333
9.09638888889
9.09666666667
9.0975
9.09833333333
9.10527777778
9.11138888889
9.11277777778
9.11444444444
9.115
9.11583333333
9.11611111111
9.11944444444
9.12
9.12027777778
9.1225
9.12277777778
9.12333333333
9.12527777778
9.13
9.13083333333
9.1325
9.13333333333
9.14166666667
9.14416666667
9.14472222222
9.14666666667
9.14722222222
9.1475
9.155
9.15888888889
9.1675
9.18805555556
9.18861111111
9.18972222222
9.19083333333
9.19138888889
9.20055555556
9.21305555556
9.21388888889
9.21472222222
9.21666666667
9.22666666667
9.22694444444
9.22861111111
9.2325
9.23527777778
9.23861111111
9.31055555556
9.31222222222
9.3125
9.3225
9.36083333333
9.36166666667
9.37194444444
9.46
9.46361111111
9.48
9.48027777778
9.48083333333
9.48166666667
9.48666666667
9.4875
9.48805555556
9.48888888889
9.49
9.49055555556
9.49111111111
9.49111111111
9.49194444444
9.49222222222
9.56638888889
9.56694444444
9.56722222222
9.56777777778
9.56805555556
9.56888888889
9.56972222222
9.57027777778
9.57055555556
9.57194444444
9.57444444444
9.57805555556
9.58083333333
9.58166666667
9.59583333333
9.59611111111
9.59944444444
9.60611111111
9.62194444444
9.62361111111
9.62416666667
9.64055555556
9.64111111111
9.64555555556
9.64611111111
9.64833333333
9.65083333333
9.65138888889
9.66527777778
9.66555555556
9.66583333333
9.66694444444
9.66888888889
9.67138888889
9.67166666667
9.67194444444
9.67333333333
9.67416666667
9.67527777778
9.67611111111
9.67666666667
9.67694444444
9.67916666667
9.67944444444
9.68055555556
9.68694444444
9.70027777778
9.70444444444
9.70472222222
9.70805555556
9.71222222222
9.7125
9.71305555556
9.71361111111
9.71388888889
9.71416666667
9.71472222222
9.71527777778
9.71583333333
9.71777777778
9.71861111111
9.71916666667
9.71972222222
9.72138888889
9.72222222222
9.7225
9.72333333333
9.72472222222
9.72805555556
9.72833333333
9.72888888889
9.73611111111
9.73666666667
9.73861111111
9.73972222222
